0.0692
0.1426
0.3164
0.6065
0.9371
0.0427
0.0828
0.1709
0.3208
0.5057
0.0339
0.0628
0.1240
0.2278
0.3596
0.0299
0.0550
0.1064
0.1939
0.3064
0.0285
0.0515
0.0986
0.1781
0.2818
0.0272
0.0497
0.0942
0.1701
0.2684
0.0270
0.0484
0.0923
0.1651
0.2608
0.0266
0.0482
0.0908
0.1632
0.2568
0.0265
0.0474
0.0903
0.1616
0.2544
0.0265
0.0471
0.0894
0.1606
0.2535
0.0265
0.0471
0.0894
0.1599
0.2516
0.0264
0.0469
0.0889
0.1590
0.2502
0.0262
0.0471
0.0884
0.1588
0.2507
0.0262
0.0471
0.0884
0.1581
0.2497
0.0262
0.0466
0.0884
0.1581
0.2489
0.0262
0.0466
0.0884
0.1581
0.2489
0.0259
0.0466
0.0874
0.1578
0.2481
0.0259
0.0461
0.0874
0.1571
0.2479
0.0259
0.0461
0.0874
0.1571
0.2479
0.0259
0.0461
0.0874
0.1564
0.2478
0.0259
0.0461
0.0874
0.1564
0.2478
0.0259
0.0461
0.0874
0.1564
0.2478
0.0259
0.0461
0.0874
0.1564
0.2478
