58.3198
63.7125
72.1250
82.7623
95.2980
1.1862
2.0514
3.7031
6.5667
10.4906
0.5640
0.9808
1.8047
3.2578
5.2962
0.4796
0.8276
1.5156
2.7360
4.4478
0.4697
0.8105
1.4844
2.6796
4.3418
0.4697
0.8105
1.4844
2.6677
4.3263
0.4684
0.8084
1.4805
2.6607
4.3005
0.4730
0.8101
1.4766
2.6537
4.3035
0.4567
0.7822
1.4258
2.5397
4.0690
0.4554
0.7801
1.4219
2.5214
4.0421
0.4542
0.7855
1.4180
2.5145
3.9889
0.4504
0.7715
1.4062
2.4937
3.9838
0.4479
0.7672
1.3984
2.4798
3.9893
0.4276
0.7380
1.3516
2.4183
3.8852
0.4199
0.7303
1.3438
2.4043
3.8759
