0.1521
0.2842
0.5645
1.0279
1.5981
0.1049
0.1875
0.3398
0.5755
0.8581
0.0886
0.1515
0.2637
0.4297
0.6245
0.0810
0.1387
0.2383
0.3827
0.5509
0.0775
0.1319
0.2256
0.3605
0.5156
0.0752
0.1279
0.2188
0.3478
0.4991
0.0735
0.1251
0.2139
0.3392
0.4875
0.0722
0.1228
0.2100
0.3338
0.4790
0.0712
0.1211
0.2070
0.3292
0.4723
0.0702
0.1193
0.2041
0.3261
0.4665
0.0698
0.1188
0.2031
0.3246
0.4643
0.0688
0.1171
0.2002
0.3199
0.4598
0.0685
0.1165
0.1992
0.3183
0.4553
0.0678
0.1153
0.1973
0.3152
0.4553
0.0675
0.1148
0.1963
0.3152
0.4539
0.0675
0.1138
0.1963
0.3137
0.4531
0.0665
0.1121
0.1934
0.3121
0.4479
0.0654
0.1110
0.1924
0.3105
0.4456
0.0646
0.1115
0.1924
0.3105
0.4456
0.0650
0.1105
0.1914
0.3089
0.4455
0.0647
0.1109
0.1904
0.3073
0.4453
0.0647
0.1099
0.1904
0.3073
0.4453
0.0567
0.0975
0.1729
0.2845
0.4220
