2.6293
3.9299
5.6562
7.8432
10.3651
0.5712
0.9238
1.4922
2.2595
3.1226
0.3507
0.5509
0.8633
1.2934
1.7980
0.2686
0.4078
0.6250
0.9264
1.2803
0.2461
0.3697
0.5625
0.8248
1.1327
0.2256
0.3411
0.5156
0.7561
1.0383
0.2162
0.3269
0.4941
0.7246
0.9951
0.2138
0.3216
0.4844
0.7103
0.9754
0.2112
0.3177
0.4785
0.7017
0.9636
0.2068
0.3127
0.4727
0.6931
0.9518
0.2051
0.3101
0.4688
0.6874
0.9439
0.2034
0.3055
0.4648
0.6816
0.9361
0.2017
0.3029
0.4609
0.6777
0.9294
0.2008
0.3017
0.4590
0.6730
0.9271
0.2000
0.3004
0.4570
0.6738
0.9255
0.1982
0.2993
0.4570
0.6720
0.9215
0.1991
0.2991
0.4551
0.6709
0.9243
0.1930
0.2931
0.4492
0.6641
0.9163
0.1922
0.2918
0.4473
0.6630
0.9162
0.1922
0.2918
0.4473
0.6630
0.9162
0.1922
0.2918
0.4473
0.6630
0.9162
0.1922
0.2918
0.4473
0.6630
0.9135
0.1922
0.2918
0.4473
0.6630
0.9135
0.1829
0.2808
0.4336
0.6462
0.8957
