0.1682
0.3119
0.6523
1.3128
1.9784
0.0048
0.0087
0.0161
0.0310
0.0487
0.0020
0.0033
0.0063
0.0124
0.0189
0.0014
0.0025
0.0044
0.0086
0.0131
0.0013
0.0021
0.0034
0.0065
0.0099
0.0013
0.0015
0.0034
0.0065
0.0099
0.0013
0.0015
0.0034
0.0056
0.0101
0.0009
0.0013
0.0024
0.0046
0.0071
0.0009
0.0013
0.0024
0.0046
0.0071
0.0009
0.0013
0.0024
0.0046
0.0071
0.0009
0.0013
0.0024
0.0046
0.0071
0.0009
0.0013
0.0024
0.0046
0.0071
0.0009
0.0013
0.0024
0.0046
0.0071
0.0009
0.0013
0.0024
0.0046
0.0071
0.0009
0.0013
0.0024
0.0046
0.0071
