3.3032
4.6850
6.4062
8.5768
10.9620
0.3820
0.6691
1.1641
1.8601
2.6605
6.4650
6.4972
6.5938
6.6726
6.8555
0.2119
0.3290
0.5117
0.7667
1.0689
0.1895
0.2910
0.4492
0.6695
0.9388
0.1855
0.2816
0.4316
0.6398
0.8947
0.1821
0.2765
0.4238
0.6266
0.8775
0.1771
0.2707
0.4121
0.6109
0.8542
0.1746
0.2651
0.4062
0.6006
0.8386
0.1720
0.2630
0.4004
0.5935
0.8300
0.1720
0.2612
0.4004
0.5903
0.8255
0.1704
0.2605
0.3965
0.5877
0.8219
0.1704
0.2587
0.3965
0.5861
0.8160
0.1656
0.2560
0.3926
0.5819
0.8114
0.1648
0.2548
0.3906
0.5790
0.8097
0.1648
0.2548
0.3906
0.5790
0.8050
0.1640
0.2535
0.3887
0.5761
0.8033
0.1623
0.2492
0.3848
0.5719
0.7985
0.1615
0.2479
0.3828
0.5705
0.7954
0.1615
0.2479
0.3828
0.5705
0.7954
0.1569
0.2454
0.3789
0.5647
0.7919
0.1569
0.2454
0.3789
0.5647
0.7919
0.1565
0.2430
0.3779
0.5632
0.7898
0.1366
0.2181
0.3496
0.5322
0.7499
