0.1525
0.2876
0.5742
1.0549
1.6381
0.1046
0.1851
0.3389
0.5739
0.8557
0.0862
0.1496
0.2627
0.4281
0.6222
0.0803
0.1376
0.2363
0.3814
0.5474
0.0769
0.1308
0.2236
0.3573
0.5111
0.0745
0.1268
0.2168
0.3447
0.4946
0.0725
0.1233
0.2109
0.3345
0.4808
0.0715
0.1216
0.2080
0.3299
0.4741
0.0705
0.1199
0.2051
0.3252
0.4674
0.0695
0.1182
0.2021
0.3230
0.4620
0.0692
0.1176
0.2012
0.3199
0.4590
0.0685
0.1165
0.1992
0.3183
0.4553
0.0678
0.1153
0.1973
0.3152
0.4509
0.0675
0.1148
0.1963
0.3137
0.4486
0.0671
0.1142
0.1953
0.3121
0.4508
0.0668
0.1136
0.1943
0.3105
0.4485
0.0660
0.1112
0.1919
0.3066
0.4429
0.0650
0.1114
0.1914
0.3058
0.4418
0.0649
0.1112
0.1909
0.3066
0.4414
0.0653
0.1101
0.1899
0.3050
0.4392
0.0651
0.1098
0.1895
0.3057
0.4388
0.0636
0.1098
0.1895
0.3057
0.4388
0.0567
0.0969
0.1709
0.2813
0.4154
