2.4703
3.6891
5.3594
7.4956
9.8679
0.4554
0.8028
1.4219
2.2947
3.2616
0.2682
0.4380
0.7305
1.1585
1.6650
0.2197
0.3483
0.5625
0.8742
1.2433
0.1988
0.3119
0.4941
0.7581
1.0722
0.1880
0.2933
0.4629
0.7064
0.9940
0.1844
0.2843
0.4453
0.6743
0.9531
0.1787
0.2755
0.4316
0.6553
0.9249
0.1771
0.2731
0.4277
0.6477
0.9155
0.1747
0.2693
0.4219
0.6388
0.8979
0.1723
0.2656
0.4160
0.6299
0.8879
0.1706
0.2631
0.4121
0.6257
0.8806
0.1690
0.2606
0.4082
0.6197
0.8722
0.1682
0.2593
0.4062
0.6184
0.8714
0.1658
0.2571
0.4043
0.6154
0.8672
0.1650
0.2559
0.4023
0.6124
0.8631
0.1627
0.2537
0.4004
0.6095
0.8612
0.1627
0.2537
0.4004
0.6095
0.8589
0.1627
0.2537
0.4004
0.6079
0.8579
0.1619
0.2524
0.3984
0.6065
0.8570
0.1619
0.2524
0.3984
0.6065
0.8570
0.1619
0.2524
0.3984
0.6065
0.8570
0.1619
0.2524
0.3984
0.6065
0.8570
0.1472
0.2334
0.3770
0.5843
0.8324
