0.5634
0.8758
1.4141
2.2821
3.4014
0.1965
0.3156
0.5352
0.8893
1.3563
0.1421
0.2240
0.3750
0.6201
0.9412
0.1276
0.2004
0.3301
0.5380
0.8036
0.1193
0.1874
0.3086
0.4980
0.7423
0.1125
0.1756
0.2881
0.4649
0.6865
0.1080
0.1685
0.2764
0.4460
0.6586
0.1060
0.1668
0.2715
0.4360
0.6460
0.1041
0.1625
0.2666
0.4260
0.6334
0.1033
0.1602
0.2617
0.4203
0.6227
0.1017
0.1578
0.2578
0.4161
0.6144
0.0999
0.1572
0.2559
0.4129
0.6097
0.1006
0.1560
0.2549
0.4113
0.6074
0.0984
0.1548
0.2520
0.4066
0.6004
0.0984
0.1536
0.2520
0.4046
0.5995
0.0980
0.1542
0.2510
0.4050
0.5981
0.0977
0.1536
0.2500
0.4035
0.5958
0.0973
0.1518
0.2490
0.4019
0.5934
0.0969
0.1512
0.2480
0.4003
0.5911
0.0969
0.1512
0.2480
0.4003
0.5911
0.0961
0.1500
0.2461
0.3972
0.5920
0.0961
0.1500
0.2461
0.3972
0.5920
0.0961
0.1500
0.2461
0.3972
0.5892
0.0948
0.1488
0.2451
0.3956
0.5896
