0.0874
0.1422
0.2432
0.4118
0.6422
0.0646
0.1044
0.1777
0.2982
0.4666
0.0573
0.0926
0.1577
0.2646
0.4074
0.0530
0.0857
0.1460
0.2438
0.3736
0.0509
0.0818
0.1387
0.2315
0.3548
0.0495
0.0795
0.1348
0.2239
0.3416
0.0488
0.0783
0.1328
0.2207
0.3366
0.0480
0.0772
0.1309
0.2174
0.3317
0.0475
0.0763
0.1294
0.2150
0.3279
0.0472
0.0757
0.1284
0.2134
0.3255
0.0468
0.0751
0.1274
0.2118
0.3230
0.0466
0.0749
0.1270
0.2110
0.3218
0.0463
0.0743
0.1260
0.2093
0.3193
0.0461
0.0740
0.1255
0.2085
0.3180
0.0459
0.0737
0.1250
0.2077
0.3168
0.0457
0.0734
0.1245
0.2069
0.3156
0.0451
0.0728
0.1240
0.2061
0.3143
0.0449
0.0725
0.1235
0.2053
0.3144
0.0442
0.0719
0.1230
0.2054
0.3149
0.0440
0.0716
0.1226
0.2056
0.3139
0.0440
0.0716
0.1226
0.2056
0.3139
0.0440
0.0716
0.1226
0.2046
0.3136
0.0434
0.0711
0.1221
0.2048
0.3127
